0.1
1
50
150
200
250
300
400
500
750
1000
1250
1800
1820
1835
1900
2000
2100
2500
3000
4000
4985
5000
5100
5200
5300
5337
5400
5500
6000
6500
7000
9000
11337
11338
11340
11345
11350
11360
11370
11380
11390
11400
11430
11460
11500
11550
11600
11650
11700
11800
11900
12000
12200
12400
12600
12800
12925
12950
13000
13100
13200
13300
13400
13600
14000
14500
15000
15500
16000
16500
17000
17500
18000
18500
19000
19500
20000
20500
21000
21500
22000
23507
23557
23607
23657
24000
24100
24200
24400
24600
24800
25000
25500
26000
26500
27000
28000
29000
30000
31000
32000
33000
34000
35147
35200
35250
35300
35350
35450
35550
35650
35750
36000
36250
36500
36750
37000
38000
39000
40000
45000
50000
55000
60000
70000
80000
90000
100000
100050
100100
100200
100500
101000
101500
102000
102500
103143
103150
103200
103250
103300
103400
103500
103600
104000
104500
105000
105500
105857
106000
106003
106005
106010
106050
106100
106150
106200
106300
106400
106500
106600
106700
107000
107500
108000
108500
109000
110000
111000
112000
113000
114000
115000
120000
125000
130000
135000
140000
145000
150000
175000
200000
225000
250000
275000
300000
350000
400000
450000
500000
575000
650000
725000
800000
875000
950000
1025000
1035000
1038000
